nk=256;
nb=1;
nz=11;
nxxi=11;
nm1=256;
aalpha=1.78493;
bbeta=0.9825;
ddelta=0.025;
ttheta=0.36;
xxibar=0.1;
zbar=1;
rrhozz=0;
rrhozxxi=0;
rrhoxxiz=0;
rrhoxxixxi=0;
var_epsz=0;
var_epsxxi=0;
kss=10.9552;
nss=0.3;
css=0.821642;
wss=2.0951;
dss=0.193111;
mmuss=0.103551;
mkss=1.22593;
