aalpha=1.895594626361665;
bbeta=0.9825;
ddelta=0.025;
ttheta=0.36;
xxibar=0.12;
zbar=1;
rrhozz=0.9457;
rrhozxxi=-0.0091;
rrhoxxiz=0.0321;
rrhoxxixxi=0.9703000000000001;
ssigmaepsz=0.0045;
ssigmaepsxxi=0.0098;
kss=8.239494302536514;
nss=0.3;
css=0.7827519587409687;
wss=2.119686295376354;
dss=0.1468460701280626;
mmuss=-0.004919026251998471;
mkss=1.301066692406839;
yss=0.9887393163043815;
