aalpha=1.846771820286214;
bbeta=0.9825;
ddelta=0.025;
ttheta=0.36;
xxibar=0.11;
zbar=1;
rrhozz=0.9457;
rrhozxxi=-0.0091;
rrhoxxiz=0.0321;
rrhoxxixxi=0.9703000000000001;
ssigmaepsz=0.0045;
ssigmaepsxxi=0.0098;
kss=9.439417262012759;
nss=0.3;
css=0.8023504672710845;
wss=2.116797475642451;
dss=0.1673112245783492;
mmuss=0.04438552318793698;
mkss=1.262344043652879;
yss=1.038335898821404;
