nk=256;
nz=7;
nxxi=7;
nm1=2560;
aalpha=2.02572998157289;
bbeta=0.9825;
ddelta=0.025;
ttheta=0.36;
xxibar=0.1634;
zbar=1;
rrhozz=0.9457;
rrhozxxi=-0.0091;
rrhoxxiz=0.0321;
rrhoxxixxi=0.9703000000000001;
ssigmaepsz=0.0045;
ssigmaepsxxi=0.0098;
kss=5.086451679962303;
nss=0.3;
css=0.7039649125067825;
wss=2.037204041771894;
dss=0.09280369997521432;
mmuss=-0.1489703842852004;
mkss=1.481021305696323;
yss=0.8311262045058401;
