nk=256;
nb=1;
nz=7;
nxxi=7;
nm1=256;
aalpha=1.784929599257311;
bbeta=0.9825;
ddelta=0.025;
ttheta=0.36;
xxibar=0.1;
zbar=1;
rrhozz=0.9457;
rrhozxxi=-0.0091;
rrhoxxiz=0.0321;
rrhoxxixxi=0.9703000000000001;
var_epsz=2.025e-05;
var_epsxxi=9.604e-05;
kss=10.95522381764513;
nss=0.3;
css=0.8216417863233848;
wss=2.095103920564658;
dss=0.1931106101539874;
mmuss=0.1035509825158596;
mkss=1.225926165630753;
